961
1 0 3 480
3 2 6 450
3 2 6 545
1 1 6 379
3 1 6 1104
1 1 6 301
1 0 17 825
1 0 15 455
1 1 1 415
1 0 16 470
1 1 5 832
1 0 5 798
1 0 3 258
3 0 2 955
1 1 16 800
1 4 2 176
1 5 5 1092
2 6 9 663
2 6 19 754
1 4 13 396
1 5 13 803
3 6 16 649
3 4 13 144
3 5 5 496
1 5 13 204
2 5 20 858
2 6 2 843
1 6 3 345
3 4 9 588
3 4 16 1107
3 5 7 704
2 5 18 318
3 6 9 832
1 4 4 546
1 4 16 861
1 5 9 227
3 6 14 971
3 4 8 808
3 4 9 1109
1 5 3 530
3 5 20 431
2 5 6 1124
3 5 15 873
1 6 17 300
3 6 17 505
2 5 5 1172
1 6 3 596
3 6 6 780
1 6 19 868
1 5 9 876
3 6 8 376
1 6 14 322
3 4 16 1126
2 5 18 281
2 6 3 107
3 6 6 804
1 4 2 798
1 4 8 498
3 5 18 796
2 5 13 381
1 5 17 812
3 6 2 1023
1 5 18 978
3 6 4 327
1 6 4 1001
1 6 7 950
3 6 16 1138
1 6 17 852
3 4 4 498
3 4 15 897
2 5 6 826
3 6 17 882
2 4 3 270
1 4 6 662
1 4 16 740
3 5 15 1221
1 6 3 133
3 6 16 1244
1 5 5 360
3 5 6 806
1 5 16 657
2 6 6 688
2 4 19 609
1 5 18 124
2 4 16 922
3 6 2 1191
1 6 3 960
1 6 4 1204
1 6 4 256
1 6 5 862
2 5 20 1089
1 5 3 1207
1 5 15 231
2 5 15 496
1 5 16 949
3 5 16 808
2 5 19 1173
2 6 4 501
1 4 2 1104
1 6 17 544
2 5 9 416
1 5 19 920
1 6 7 685
3 4 15 246
3 5 13 913
3 6 9 273
1 6 13 219
3 4 17 1013
2 5 5 787
3 5 15 422
1 6 5 243
3 6 9 155
1 6 14 933
1 6 19 740
1 6 7 813
2 6 17 1216
2 4 13 792
1 4 16 129
3 4 18 287
1 5 5 847
3 4 18 415
1 5 14 1088
3 5 20 102
3 6 5 784
2 6 5 738
3 6 8 795
1 4 2 938
2 5 7 349
1 4 3 1138
3 5 5 235
3 6 2 922
3 6 8 380
3 4 2 943
1 4 2 352
1 4 6 1026
1 4 6 973
1 4 8 580
1 4 8 237
2 4 13 510
1 5 3 653
2 5 14 830
3 5 18 205
3 4 19 569
1 4 19 401
2 4 5 877
1 4 5 281
3 4 8 922
1 6 8 1014
1 4 4 608
3 6 3 608
3 6 5 515
1 6 8 708
3 6 16 704
3 4 17 1094
3 4 17 1083
3 4 18 159
1 6 13 607
2 4 13 838
2 4 13 262
1 4 13 189
2 4 13 817
3 5 3 435
1 6 20 846
1 4 8 771
1 6 19 261
3 4 9 467
3 5 15 468
2 4 3 1112
1 5 15 795
2 5 6 562
3 5 19 916
1 6 4 1169
3 6 19 242
3 4 3 344
2 4 16 1240
1 4 9 685
1 5 6 215
1 5 7 766
3 5 9 377
1 6 13 766
3 4 9 936
3 4 19 610
2 6 8 1014
2 4 4 802
2 4 6 761
1 4 9 379
3 4 15 745
3 5 13 1130
3 6 4 464
1 6 17 589
1 4 5 1085
1 4 17 1031
1 5 9 1006
2 4 5 677
3 5 16 1219
3 6 2 361
3 6 6 543
1 4 2 1102
1 4 16 959
3 5 16 768
2 6 6 461
3 6 17 959
1 5 14 1041
3 5 18 588
3 6 6 826
1 6 19 249
1 4 3 934
3 4 8 541
3 5 8 881
3 4 5 1190
1 4 15 1163
1 5 5 418
3 5 14 826
3 6 4 585
1 6 6 178
2 6 3 116
1 6 18 849
3 4 2 888
1 4 18 882
2 4 3 819
1 4 15 1054
1 5 15 416
1 5 16 367
2 6 3 150
2 6 9 830
2 4 17 232
2 5 6 396
3 5 16 981
1 5 20 532
3 6 13 1100
1 4 5 1201
1 5 13 923
2 4 8 791
3 4 9 599
1 5 9 509
1 4 17 918
1 5 2 358
1 4 16 1159
3 5 6 1074
2 6 19 756
3 6 20 440
3 4 3 1200
1 5 14 825
2 6 9 342
1 6 13 383
1 4 2 817
1 4 3 635
1 6 4 475
2 5 7 1154
2 2 1 267
1 0 20 1154
3 1 0 408
3 2 9 321
1 0 9 737
3 0 12 340
2 1 13 963
3 1 22 665
2 1 13 134
1 1 22 589
1 2 7 410
1 0 10 181
2 1 18 974
1 2 6 618
1 0 10 231
1 1 6 533
3 0 2 574
3 1 8 1132
3 1 8 294
2 2 0 408
2 2 6 194
1 0 15 740
3 0 17 878
2 1 14 632
3 1 17 1205
1 1 21 537
1 1 21 272
2 0 10 586
3 1 6 188
3 0 4 126
3 2 0 823
1 2 1 974
1 0 15 722
1 1 16 1127
1 2 6 188
2 1 1 286
1 0 21 816
1 0 21 445
1 0 17 774
3 2 0 1122
1 0 15 1040
1 1 22 564
3 1 21 565
3 0 11 1171
3 0 12 475
1 0 17 999
1 1 8 826
1 1 9 484
3 1 18 846
3 2 2 764
1 0 17 833
1 1 1 548
1 0 15 744
3 1 6 863
2 1 21 289
1 0 21 464
3 0 22 1137
3 0 10 397
3 1 18 1114
2 1 1 118
1 2 8 1023
1 1 0 1045
1 0 20 510
1 2 1 821
1 0 9 981
1 1 22 277
3 0 10 1238
2 0 17 264
3 2 1 1197
1 0 3 287
1 1 0 180
3 1 1 850
3 1 8 586
3 0 10 490
1 0 0 176
3 1 14 292
1 2 7 778
3 1 2 209
1 2 0 605
1 1 0 1131
1 2 2 358
3 2 7 876
3 1 0 599
2 2 7 979
1 1 13 160
1 1 13 896
1 0 0 961
3 1 5 336
3 2 7 833
1 1 13 812
3 1 21 1101
1 2 1 964
3 0 3 324
3 0 15 1002
1 1 1 671
3 1 8 1242
2 2 6 803
3 1 18 973
1 2 0 214
3 1 4 181
3 1 8 769
3 0 12 142
1 1 2 801
3 0 0 590
1 0 21 1059
1 1 20 1195
3 2 1 484
1 1 21 178
1 1 3 1083
1 1 8 1240
1 1 18 679
2 0 10 535
1 1 6 407
1 0 8 1092
1 1 22 607
1 2 5 1166
1 0 2 248
2 0 4 811
3 1 13 262
2 0 2 759
1 0 13 893
2 1 6 217
2 1 0 1184
1 1 2 514
3 1 3 986
1 1 18 748
1 0 19 971
3 0 5 244
2 2 8 519
1 0 14 845
2 2 0 941
3 0 9 210
1 0 3 1190
3 1 9 183
1 0 14 500
1 2 8 623
1 2 0 764
1 1 2 765
3 2 9 378
2 0 3 879
1 0 12 993
1 1 22 236
1 2 1 813
1 2 0 1030
3 0 17 684
1 0 15 1060
1 1 17 384
3 2 6 955
2 2 7 257
3 0 3 190
1 1 22 337
1 0 11 300
2 1 8 347
3 1 0 958
1 1 6 1216
3 1 13 897
2 0 10 642
2 0 14 991
1 0 16 655
3 0 9 1168
3 2 1 695
1 1 0 1091
2 2 7 460
3 0 17 913
2 1 13 101
1 0 17 370
3 0 0 1071
3 2 9 228
1 0 12 584
3 0 15 765
3 0 21 149
3 0 22 587
3 0 1 238
3 1 22 1172
1 0 18 100
2 1 7 383
1 1 18 684
1 0 10 1028
1 2 1 428
1 0 3 628
3 0 3 637
1 1 1 1242
1 0 15 167
1 2 7 1034
1 9 8 615
3 2 17 987
3 3 1 672
2 12 18 1180
3 12 17 606
1 8 8 981
1 13 6 846
1 9 7 260
1 9 19 287
2 7 16 1011
1 12 7 601
1 7 4 928
1 9 16 1011
2 9 19 780
1 7 18 572
3 3 3 346
2 3 13 1008
2 12 6 601
3 3 19 169
1 7 5 111
1 10 9 1109
1 13 16 1191
1 3 13 700
3 11 9 873
3 2 15 767
2 12 5 480
3 8 19 325
3 3 4 1157
2 7 9 367
1 7 4 288
1 9 7 824
1 12 5 662
1 9 7 755
1 3 2 1030
1 3 17 641
2 3 18 885
2 9 8 1152
2 7 6 613
1 3 5 1061
1 13 2 736
3 8 17 616
1 10 6 209
1 11 16 569
2 2 20 591
3 12 3 1130
1 12 19 1027
3 2 15 408
3 3 8 921
3 7 13 152
2 8 4 821
3 9 8 133
1 11 18 541
1 8 15 285
1 3 2 826
1 3 7 482
3 7 16 1239
2 7 14 310
1 9 5 1205
1 8 7 525
3 8 16 785
3 7 4 901
1 13 5 1002
1 7 6 328
3 7 6 453
3 9 7 170
1 9 19 349
1 3 5 1016
2 9 18 360
1 8 14 826
1 8 19 746
2 3 19 1205
1 7 7 257
2 7 15 326
1 7 15 297
1 3 20 217
2 7 5 409
3 12 5 101
1 7 17 465
1 7 18 673
1 8 8 1095
3 12 16 1186
2 11 17 694
1 2 17 607
2 9 18 1184
1 10 18 585
1 10 5 340
1 7 5 743
2 10 16 620
3 3 22 485
3 10 16 952
3 8 19 1181
1 10 9 987
3 13 4 179
1 7 8 245
1 2 22 226
1 12 7 1008
2 8 7 521
1 11 18 413
3 13 6 609
2 11 8 368
1 3 17 495
1 12 3 683
1 11 8 689
3 13 16 958
3 7 15 366
1 13 6 991
1 7 16 483
1 8 15 1031
3 10 9 108
1 12 15 516
1 7 3 384
3 8 13 1213
3 13 3 386
3 8 19 211
1 8 19 1059
3 8 13 441
1 3 4 175
1 9 16 1016
3 3 5 1169
1 9 16 851
3 8 19 730
2 11 16 231
1 3 17 943
3 8 13 155
3 8 13 1160
1 2 22 763
2 3 17 312
2 3 2 863
1 9 8 326
1 10 18 1230
3 11 13 1092
3 13 16 252
1 2 22 1227
1 9 16 308
1 11 15 174
2 13 3 316
1 12 5 149
3 12 5 1090
1 12 16 1101
3 8 19 598
1 11 14 378
3 7 16 350
3 10 14 452
1 8 13 464
3 9 18 903
1 3 5 1087
3 8 8 669
2 12 2 967
2 9 4 318
1 9 7 149
1 9 8 724
3 12 20 863
3 9 13 505
2 3 15 771
1 9 4 512
1 10 16 319
3 2 17 1168
1 8 8 290
2 9 13 872
1 8 16 1080
1 9 4 273
3 9 8 1012
1 7 6 501
2 9 3 1079
1 8 8 848
2 7 18 687
1 8 16 493
1 7 6 879
1 2 22 523
1 8 13 927
2 7 6 631
1 12 3 536
1 13 5 645
2 2 18 755
2 7 18 1076
2 13 6 1199
2 7 15 554
1 8 16 1147
1 3 17 1241
3 3 22 1191
2 9 3 1247
2 11 4 156
3 11 15 1156
1 12 17 703
1 13 6 171
1 8 9 347
3 11 8 1148
1 7 8 907
3 7 15 146
1 7 18 989
1 11 18 645
1 8 17 599
2 7 8 422
2 10 13 1060
2 3 8 1244
1 8 14 1030
2 8 16 932
1 2 19 892
1 9 4 1090
1 11 7 385
3 11 7 217
3 12 16 368
1 7 13 758
2 8 4 363
1 3 0 1129
1 11 8 495
3 9 4 379
3 7 5 588
2 12 5 1078
1 3 18 484
2 3 22 695
1 7 5 1025
1 7 18 130
2 9 7 675
2 12 17 1107
1 3 2 909
3 7 18 1244
3 3 18 893
1 11 9 940
1 10 9 253
1 11 7 645
3 8 7 655
1 10 14 790
3 11 9 318
2 11 17 241
3 7 8 432
1 8 5 944
1 7 4 772
1 7 9 1089
3 7 4 242
3 13 16 741
1 3 8 757
1 12 3 885
1 12 18 913
3 7 8 1115
3 10 13 695
3 3 14 450
3 10 4 641
3 8 8 459
1 13 3 1044
1 10 13 657
1 10 16 537
1 11 18 317
3 9 19 679
2 11 17 474
1 2 16 178
2 3 13 1184
1 7 17 1203
1 10 6 903
3 10 14 1111
1 3 13 941
3 7 4 238
1 12 3 1108
1 7 4 1119
3 11 15 777
2 7 13 535
3 3 22 1074
1 9 5 985
1 13 3 164
3 2 15 1024
1 8 4 315
1 9 13 1192
1 9 15 944
3 3 7 399
3 3 7 1154
2 9 4 972
1 10 5 840
1 9 4 449
1 3 3 291
1 12 15 532
3 8 19 973
1 3 17 826
2 10 16 614
1 3 19 875
1 9 8 872
1 7 8 360
1 9 15 212
2 13 16 667
1 13 16 238
3 10 18 1135
2 13 4 906
1 7 3 233
3 13 6 981
1 3 18 196
1 7 14 700
3 12 17 673
3 9 3 902
3 3 6 754
2 8 19 1157
3 10 6 570
3 7 16 578
2 8 15 552
1 10 15 1005
1 10 8 393
2 10 4 1026
3 11 18 231
1 7 5 1193
1 3 7 811
2 7 18 1237
2 12 5 317
2 2 15 518
1 8 16 287
1 10 5 171
3 10 13 774
3 12 16 620
1 3 22 256
1 7 15 146
1 10 13 342
2 9 16 944
3 13 3 227
3 10 9 212
3 11 9 818
3 2 22 382
2 11 17 756
1 13 7 1176
2 3 2 1173
1 3 13 126
1 13 16 967
1 11 14 239
1 9 3 135
2 12 16 148
1 12 18 519
3 11 5 648
3 3 22 186
1 13 2 658
1 8 8 1143
1 10 16 1147
1 12 19 818
1 7 13 547
3 7 6 711
3 10 13 283
3 7 5 259
3 8 4 1095
3 9 4 853
3 11 13 1060
1 3 4 936
3 8 16 478
2 10 6 1185
3 10 18 830
3 3 14 399
1 7 3 444
1 8 17 1036
1 3 18 1038
3 8 4 950
2 10 6 1191
2 8 14 311
1 11 4 830
1 3 20 400
2 11 9 517
2 9 7 1015
3 11 8 220
1 9 19 1157
2 7 8 896
2 11 4 261
1 9 14 713
1 12 3 892
1 2 20 1152
1 3 14 623
3 3 16 927
1 3 7 477
1 12 2 417
1 3 3 468
1 2 20 752
2 8 16 925
3 9 19 757
2 7 18 1011
1 10 5 158
1 10 6 916
1 13 7 795
2 10 16 381
1 11 5 499
1 12 15 1039
1 12 18 798
1 8 14 1132
3 8 13 221
1 11 17 448
2 12 20 122
2 12 2 622
1 9 5 201
1 11 7 295
2 3 1 449
3 8 14 954
2 10 4 665
1 13 3 373
1 3 7 973
1 2 16 109
1 3 3 513
1 9 3 220
2 10 18 1155
2 7 3 260
2 2 22 537
2 10 4 904
1 3 7 443
1 8 9 1017
1 11 18 653
3 2 22 1204
2 3 13 1243
1 3 19 866
1 7 7 557
3 12 20 941
3 12 15 1245
1 9 19 638
1 9 3 655
3 11 7 581
1 13 7 376
3 2 16 183
1 8 7 1142
1 10 14 772
2 11 7 869
1 3 7 761
1 3 13 239
1 11 8 310
1 2 20 1136
1 3 18 109
2 10 14 303
1 3 18 1118
1 7 16 727
2 11 9 527
3 11 18 337
3 7 14 1227
2 7 9 1145
3 7 9 861
3 2 15 1086
2 9 16 1171
1 2 17 148
2 2 16 493
1 7 4 707
1 8 6 952
1 9 5 625
1 2 14 914
3 12 18 979
1 3 8 935
2 8 8 1064
2 10 6 446
1 3 0 169
2 11 13 1085
3 11 13 650
1 11 14 916
2 3 14 100
2 9 8 1090
1 13 2 716
2 10 16 745
2 3 18 114
3 7 16 1066
1 9 19 1099
1 12 20 180
2 8 3 614
1 2 22 1239
1 9 19 257
1 9 16 788
1 12 3 883
1 3 2 812
1 2 18 1249
3 7 14 395
1 9 8 639
1 7 6 591
1 7 9 307
3 9 7 156
1 7 6 574
1 13 6 1039
1 7 3 770
1 7 7 1233
3 12 20 746
2 3 7 1096
2 12 17 734
2 13 2 1167
3 13 7 1179
3 3 13 923
3 7 7 1010
3 8 17 1124
3 8 8 387
2 10 13 1210
2 10 14 761
1 8 13 1222
1 12 18 526
2 12 18 333
2 9 18 378
1 8 16 400
2 13 5 1149
1 7 8 1108
1 8 14 901
1 10 16 656
1 12 17 707
3 3 1 510
3 13 4 1226
2 3 19 119
1 7 9 221
3 12 16 1086
1 9 5 175
2 3 17 484
3 3 5 622
3 8 9 925
1 9 4 286
3 10 13 788
1 3 20 302
3 8 13 778
1 3 18 569
1 3 3 238
1 8 4 973
2 13 16 1239
1 13 19 1143
1 13 20 678
3 13 17 773
1 13 18 1210
1 13 20 959
3 13 19 805
3 13 19 808
1 13 17 1240
2 13 17 851
1 13 17 151
3 13 19 728
1 13 17 268
3 13 19 834
1 13 18 680
1 13 20 710
1 13 17 1182
3 13 17 613
1 13 17 361
3 13 18 901
3 13 18 649
3 13 17 148
2 13 18 533
1 13 19 487
3 13 18 1040
1 13 19 106
3 13 19 790
3 13 20 588
1 13 20 130